data,issued_for_vaccines,issued_for_vaccines_total,issued_for_tests,issued_for_tests_total,issued_for_healing,issued_for_healing_total,issued_all,issued_all_total
2021-10-19,203719,74245610,598183,26451612,4436,2191692,806338,102888914
2021-10-18,130170,74041891,914702,25853429,4512,2187256,1049384,102082576
2021-10-17,174141,73911721,261731,24938727,1530,2182744,437402,101033192
2021-10-16,211188,73737580,560269,24676996,2372,2181214,773829,100595790
2021-10-15,208831,73526392,653827,24116727,4381,2178842,867039,99821961
2021-10-14,223165,73317561,632802,23462900,4127,2174461,860094,98954922
2021-10-13,188924,73094396,369415,22830098,4847,2170334,563186,98094828
2021-10-12,178844,72905472,292398,22460683,4998,2165487,476240,97531642
2021-10-11,124431,72726628,333488,22168285,4842,2160489,462761,97055402
2021-10-10,172268,72602197,107705,21834797,1782,2155647,281755,96592641
2021-10-09,193134,72429929,351870,21727092,2082,2153865,547086,96310886
2021-10-08,176400,72236795,360231,21375222,4501,2151783,541132,95763800
2021-10-07,185985,72060395,288598,21014991,4417,2147282,479000,95222668
2021-10-06,168584,71874410,313837,20726393,5592,2142865,488013,94743668
2021-10-05,331588,71705826,297850,20412556,5035,2137273,634473,94255655
2021-10-04,128320,71374238,338681,20114706,5408,2132238,472409,93621182
2021-10-03,158983,71245918,102917,19776025,1806,2126830,263706,93148773
2021-10-02,188352,71086935,346188,19673108,2574,2125024,537114,92885067
2021-10-01,189339,70898583,381007,19326920,5528,2122450,575874,92347953
2021-09-30,196764,70709244,299006,18945913,5164,2116922,500934,91772079
2021-09-29,176505,70512480,317058,18646907,7830,2111758,501393,91271145
2021-09-28,217276,70335975,295953,18329849,25183,2103928,538412,90769752
2021-09-27,145005,70118699,353138,18033896,7009,2078745,505152,90231340
2021-09-26,168150,69973694,107972,17680758,2198,2071736,278320,89726188
2021-09-25,230420,69805544,347399,17572786,2979,2069538,580798,89447868
2021-09-24,178989,69575124,385435,17225387,5730,2066559,570154,88867070
2021-09-23,235299,69396135,291647,16839952,6480,2060829,533426,88296916
2021-09-22,223107,69160836,305623,16548305,6894,2054349,535624,87763490
2021-09-21,243481,68937729,288623,16242682,7750,2047455,539854,87227866
2021-09-20,155841,68694248,337798,15954059,8071,2039705,501710,86688012
2021-09-19,207685,68538407,105703,15616261,2453,2031634,315841,86186302
2021-09-18,261655,68330722,330734,15510558,3678,2029181,596067,85870461
2021-09-17,251516,68069067,363351,15179824,8647,2025503,623514,85274394
2021-09-16,323326,67817551,287576,14816473,9780,2016856,620682,84650880
2021-09-15,234124,67494225,302716,14528897,8128,2007076,544968,84030198
2021-09-14,286658,67260101,284814,14226181,10767,1998948,582239,83485230
2021-09-13,205160,66973443,332141,13941367,8933,1988181,546234,82902991
2021-09-12,235985,66768283,104359,13609226,3415,1979248,343759,82356757
2021-09-11,317048,66532298,314724,13504867,5554,1975833,637326,82012998
2021-09-10,338130,66215250,374097,13190143,7432,1970279,719659,81375672
2021-09-09,361998,65877120,292973,12816046,8631,1962847,663602,80656013
2021-09-08,251754,65515122,275444,12523073,8402,1954216,535600,79992411
2021-09-07,297422,65263368,274881,12247629,10086,1945814,582389,79456811
2021-09-06,189099,64965946,322643,11972748,9124,1935728,520866,78874422
2021-09-05,243892,64776847,88810,11650105,3484,1926604,336186,78353556
2021-09-04,316719,64532955,303752,11561295,4489,1923120,624960,78017370
2021-09-03,333505,64216236,343799,11257543,8870,1918631,686174,77392410
2021-09-02,331768,63882731,277952,10913744,8982,1909761,618702,76706236
2021-09-01,257023,63550963,270390,10635792,10051,1900779,537464,76087534
2021-08-31,292398,63293940,283817,10365402,12642,1890728,588857,75550070
2021-08-30,203432,63001542,265256,10081585,9030,1878086,477718,74961213
2021-08-29,255834,62798110,70271,9816329,3494,1869056,329599,74483495
2021-08-28,344156,62542276,253467,9746058,4589,1865562,602212,74153896
2021-08-27,298078,62198120,268588,9492591,8084,1860973,574750,73551684
2021-08-26,467620,61900042,210563,9224003,9177,1852889,687360,72976934
2021-08-25,26798,61432422,210693,9013440,9188,1843712,246679,72289574
2021-08-24,253396,61405624,221177,8802747,10892,1834524,485465,72042895
2021-08-23,210932,61152228,245720,8581570,8172,1823632,464824,71557430
2021-08-22,248261,60941296,67659,8335850,2896,1815460,318816,71092606
2021-08-21,294429,60693035,215524,8268191,4167,1812564,514120,70773790
2021-08-20,299027,60398606,249176,8052667,8801,1808397,557004,70259670
2021-08-19,316806,60099579,196045,7803491,15591,1799596,528442,69702666
2021-08-18,255935,59782773,193669,7607446,10134,1784005,459738,69174224
2021-08-17,271783,59526838,207208,7413777,8963,1773871,487954,68714486
2021-08-16,199407,59255055,184437,7206569,12218,1764908,396062,68226532
2021-08-15,227919,59055648,49500,7022132,1946,1752690,279365,67830470
2021-08-14,333017,58827729,189385,6972632,4094,1750744,526496,67551105
2021-08-13,330951,58494712,241717,6783247,10967,1746650,583635,67024609
2021-08-12,354194,58163761,191595,6541530,10538,1735683,556327,66440974
2021-08-11,324238,57809567,183563,6349935,24306,1725145,532107,65884647
2021-08-10,595567,57485329,193694,6166372,17057,1700839,806318,65352540
2021-08-09,177957,56889762,203738,5972678,15874,1683782,397569,64546222
2021-08-08,371997,56711805,64811,5768940,3026,1667908,439834,64148653
2021-08-07,446921,56339808,210960,5704129,28375,1664882,686256,63708819
2021-08-06,435033,55892887,265040,5493169,24769,1636507,724842,63022563
2021-08-05,445861,55457854,172316,5228129,12518,1611738,630695,62297721
2021-08-04,398528,55011993,146523,5055813,18395,1599220,563446,61667026
2021-08-03,436177,54613465,147646,4909290,13740,1580825,597563,61103580
2021-08-02,289982,54177288,141827,4761644,13050,1567085,444859,60506017
2021-08-01,441246,53887306,46890,4619817,3207,1554035,491343,60061158
2021-07-31,649598,53446060,154865,4572927,2674,1550828,807137,59569815
2021-07-30,508824,52796462,194029,4418062,57788,1548154,760641,58762678
2021-07-29,509937,52287638,165208,4224033,83533,1490366,758678,58002037
2021-07-28,582109,51777701,151920,4058825,12519,1406833,746548,57243359
2021-07-27,540904,51195592,160078,3906905,13174,1394314,714156,56496811
2021-07-26,378877,50654688,146245,3746827,15389,1381140,540511,55782655
2021-07-25,441494,50275811,47960,3600582,1577,1365751,491031,55242144
2021-07-24,523753,49834317,140764,3552622,2328,1364174,666845,54751113
2021-07-23,555213,49310564,184863,3411858,10721,1361846,750797,54084268
2021-07-22,968409,48755351,170751,3226995,8283,1351125,1147443,53333471
2021-07-21,220311,47786942,134444,3056244,8595,1342842,363350,52186028
2021-07-20,941204,47566631,131930,2921800,5109,1334247,1078243,51822678
2021-07-19,816733,46625427,116602,2789870,41754,1329138,975089,50744435
2021-07-18,83428,45808694,37262,2673268,13406,1287384,134096,49769346
2021-07-17,928625,45725266,111796,2636006,73142,1273978,1113563,49635250
2021-07-16,780,44796641,142427,2524210,31119,1200836,174326,48521687
2021-07-15,446856,44795861,116292,2381783,55365,1169717,618513,48347361
2021-07-14,488779,44349005,108980,2265491,78495,1114352,676254,47728848
2021-07-13,509105,43860226,106453,2156511,73405,1035857,688963,47052594
2021-07-12,352440,43351121,91486,2050058,93912,962452,537838,46363631
2021-07-11,956944,42998681,29567,1958572,427,868540,986938,45825793
2021-07-10,29,42041737,91585,1929005,855,868113,92469,44838855
2021-07-09,481979,42041708,121753,1837420,37134,867258,640866,44746386
2021-07-08,404120,41559729,100740,1715667,8860,830124,513720,44105520
2021-07-07,536023,41155609,91489,1614927,28385,821264,655897,43591800
2021-07-06,529239,40619586,95455,1523438,60868,792879,685562,42935903
2021-07-05,450711,40090347,87160,1427983,76047,732011,613918,42250341
2021-07-04,534527,39639636,28318,1340823,491,655964,563336,41636423
2021-07-03,600167,39105109,95345,1312505,112149,655473,807661,41073087
2021-07-02,1455444,38504942,130459,1217160,186675,543324,1772578,40265426
2021-07-01,588633,37049498,117261,1086701,24730,356649,730624,38492848
2021-06-30,1239035,36460865,128216,969440,112113,331919,1479364,37762224
2021-06-29,1548840,35221830,84292,841224,50774,219806,1683906,36282860
2021-06-28,0,33672990,92256,756932,1693,169032,93949,34598954
2021-06-27,6,33672990,33456,664676,231,167339,33693,34505005
2021-06-26,4053625,33672984,97782,631220,457,167108,4151864,34471312
2021-06-25,279535,29619359,175321,533438,104898,166651,559754,30319448
2021-06-24,1573062,29339824,74221,358117,509,61753,1647792,29759694
2021-06-23,5708076,27766762,88460,283896,295,61244,5796831,28111902
2021-06-22,5242739,22058686,65374,195436,321,60949,5308434,22315071
2021-06-21,6127694,16815947,125351,130062,60566,60628,6313611,17006637
2021-06-20,4882739,10688253,1226,4711,20,62,4883985,10693026
2021-06-19,3713880,5805514,3143,3485,30,42,3717053,5809041
2021-06-18,2017424,2091634,342,342,12,12,2017778,2091988
2021-06-17,74210,74210,0,0,0,0,74210,74210
